jails:
  hell:
    world: 8d982536-c532-45ae-8798-5d77c64951a9
    world-name: new
    x: -47.339454459964216
    y: 86.02879902865581
    z: 28.860393262666513
    yaw: 96.65752410888672
    pitch: 36.41107940673828
